Ha_FWQM_1_4: 8657.670315353807 ± 39.78841151528881
Ha_FWHM: 5596.072230346586 ± 27.147740641426893
Ha_FWQM_3_4: 3497.3020056180703 ± 17.998577276154514
Hb_FWQM_1_4: 9663.186048390446 ± 58.73354523109432
Hb_FWHM: 5917.0935487834995 ± 44.27078405593442
Hb_FWQM_3_4: 3570.2072876422317 ± 31.333895273433694
EW_b_Ha: 455.1322571820649 ± 1.9189121219311156
EW_b_Hb: 89.04976625175298 ± 0.548055260230384
EW_n_Ha: 38.188226275240964 ± 0.8982826720096626
EW_n_Hb: 7.422627669398564 ± 0.25074413556421804
EW_n_OIII: 75.05015808682572 ± 0.7312776491316306
EW_FeII: 31.31304736034361 ± 3.552713678800501e-15
integrated_flux_b_Ha: 44.17320576867997 ± 0.16533439766697858
integrated_flux_b_Hb: 11.236961732102994 ± 0.07110023283130587
integrated_flux_n_Ha: 3.7052504215915922 ± 0.08521635649988553
integrated_flux_n_Hb: 0.9340635099768827 ± 0.03141295801626558
integrated_flux_n_OIII: 9.09432464378324 ± 0.08435433669324767
integrated_flux_FeII: 15.80051498532984 ± 0.008127149662414158
L5100: 1.1636215170386438e+55 ± 3.7748521449207954e+52
sigma_line_Ha: 4593.094496793269 ± 32.72745424283897
sigma_line_Hb: 3539.29623339518 ± 12.777919300316414
