Ha_FWQM_1_4: 8657.670315353807 ± 38.32504205398226
Ha_FWHM: 5596.072230346586 ± 24.451233085836968
Ha_FWQM_3_4: 3497.3020056180703 ± 15.963676757810102
Hb_FWQM_1_4: 9663.186048390446 ± 56.09503431424098
Hb_FWHM: 5917.0935487834995 ± 47.480882950563625
Hb_FWQM_3_4: 3570.2072876422317 ± 35.06174606854301
EW_b_Ha: 455.1322571820649 ± 1.8738015928100415
EW_b_Hb: 89.04976625175298 ± 0.4565061164692326
EW_n_Ha: 38.188226275240964 ± 0.7350219751791405
EW_n_Hb: 7.422627669398564 ± 0.2574986244214748
EW_n_OIII: 75.05015808682572 ± 0.6165024704227573
EW_FeII: 31.31304736034361 ± 3.552713678800501e-15
integrated_flux_b_Ha: 44.17320576867997 ± 0.14239069850233924
integrated_flux_b_Hb: 11.236961732102994 ± 0.057810939443275006
integrated_flux_n_Ha: 3.7052504215915922 ± 0.06959038743018242
integrated_flux_n_Hb: 0.9340635099768827 ± 0.032376920134062716
integrated_flux_n_OIII: 9.09432464378324 ± 0.0718892513023388
integrated_flux_FeII: 15.80051498532984 ± 0.007407612383286862
L5100: 1.1636215170386438e+55 ± 3.3618526346739863e+52
sigma_line_Ha: 4593.094496793269 ± 32.024410723517754
sigma_line_Hb: 3539.29623339518 ± 12.526963888329194
v_peak: 61.246652739464764 ± 2.51674773186572
A.I._Ha: -0.0663644251913818 ± 0.002719305350859148
K.I._Ha: 0.4039541676027829 ± 0.001177764878474446
A.I._Hb: -0.17511134608334034 ± 0.004109416751710312
K.I._Hb: 0.3694648193425713 ± 0.0034517144569030573
