Ha_FWQM_1_4: 8310.760230158297 ± 50.94494606707905
Ha_FWHM: 5324.567123113982 ± 41.304154973811634
Ha_FWQM_3_4: 3318.8569645715643 ± 27.68588332981321
Hb_FWQM_1_4: 9294.453202832523 ± 104.26998940817913
Hb_FWHM: 5849.729303929606 ± 48.57900780336038
Hb_FWQM_3_4: 3615.384762796703 ± 35.9205963107886
EW_b_Ha: 490.54994273894914 ± 2.6115475093057015
EW_b_Hb: 90.47520242341947 ± 1.4038323736024678
EW_n_Ha: 15.438117242925992 ± 0.5365545457619776
EW_n_Hb: 3.443163356793645 ± 0.10852223837699425
EW_n_OIII: 76.62670380804367 ± 1.8562275172793967
EW_FeII: 32.14116714398686 ± 7.105427357601002e-15
integrated_flux_b_Ha: 48.43254971787348 ± 0.1572055843725449
integrated_flux_b_Hb: 11.442701819634909 ± 0.17370727779839903
integrated_flux_n_Ha: 1.5234496544011642 ± 0.05115464757600408
integrated_flux_n_Hb: 0.4331225057380336 ± 0.013630651392018741
integrated_flux_n_OIII: 9.30796279991087 ± 0.22479871277099464
integrated_flux_FeII: 16.110542411160196 ± 0.011442274392576748
L5100: 1.1474503762954845e+55 ± 2.3052683641508239e+52
sigma_line_Ha: 4117.290959014626 ± 44.15792392901537
sigma_line_Hb: 3518.6440489251922 ± 42.78121018015722
v_peak: 15.651924175389132 ± 1.5344049891901672
A.I._Ha: -0.02088513861567143 ± 0.002843439760451561
K.I._Ha: 0.39934456928838014 ± 0.001093901512211935
A.I._Hb: -0.15405013420066166 ± 0.01044123188978506
K.I._Hb: 0.38898305084745594 ± 0.005957711629667403
